as_liuxie                  9.00     9.00     9.00     9.00     9.00     9.00     9.00
liuxie                     9.00     9.00     9.00     9.00     9.00     9.00     9.00
nos_diaochan               8.85     8.85     8.85     8.85     8.85     8.85     8.85
diaochan                   8.80     8.80     8.80     8.80     8.80     8.80     8.80
chengong                   8.75     8.75     8.75     8.75     8.75     8.75     8.75
yuanshu                    8.70     8.70     8.70     8.70     8.70     8.70     8.70
yuanshao                   8.65     8.65     8.65     8.65     8.65     8.65     8.65
xunyu                      8.62     8.62     8.62     8.62     8.62     8.62     8.62
taishici                   8.60     8.60     8.60     8.60     8.60     8.60     8.60
shenzhouyu                 8.56     8.56     8.56     8.56     8.56     8.56     8.56
xunyou                     8.53     8.53     8.53     8.53     8.53     8.53     8.53
guanxingzhangbao           8.50     8.50     8.50     8.50     8.50     8.50     8.50
bgm_zhangfei               8.45     8.45     8.45     8.45     8.45     8.45     8.45
sunquan                    8.40     8.40     8.40     8.40     8.40     8.40     8.40
yanliangwenchou            8.30     8.30     8.30     8.30     8.30     8.30     8.30
nos_guanxingzhangbao       8.10     8.10     8.10     8.10     8.10     8.10     8.10
shenlvmeng                 8.00     8.00     8.00     8.00     8.00     8.00     8.00
shensimayi                 8.00     8.00     8.00     8.00     8.00     8.00     8.00
shenzhaoyun                8.00     8.00     8.00     8.00     8.00     8.00     8.00
bgm_diaochan               8.00     8.00     8.00     8.00     8.00     8.00     8.00
xusheng                    8.00     8.00     8.00     8.00     8.00     8.00     8.00
jiling                     8.00     8.00     8.00     8.00     8.00     8.00     8.00
liufeng                    8.00     8.00     8.00     8.00     8.00     8.00     8.00
neo_zhouyu                 7.85     7.85     7.85     7.85     7.85     7.85     7.85
jianyong                   7.83     7.83     7.83     7.83     7.83     7.83     7.83
bulianshi                  7.82     7.82     7.82     7.82     7.82     7.82     7.82
zhangliao                  7.80     7.80     7.80     7.80     7.80     7.80     7.80
gaoshun                    7.77     7.77     7.77     7.77     7.77     7.77     7.77
caozhi                     7.70     7.70     7.70     7.70     7.70     7.70     7.70
zhouyu                     7.55     7.55     7.55     7.55     7.55     7.55     7.55
lusu                       7.50     7.50     7.50     7.50     7.50     7.50     7.50
jiangwei                   7.50     7.50     7.50     7.50     7.50     7.50     7.50
liushan                    7.50     7.50     7.50     7.50     7.50     7.50     7.50
jiaxu                      7.40     7.40     7.40     7.40     7.40     7.40     7.40
liru                       7.30     7.30     7.30     7.30     7.30     7.30     7.30
as_fuhuanghou              7.05     7.05     7.05     7.05     7.05     7.05     7.05
fuhuanghou                 7.05     7.05     7.05     7.05     7.05     7.05     7.05
diy_liuxie                 7.01     7.01     7.01     7.01     7.01     7.01     7.01
diy_simazhao               7.00     7.00     7.00     7.00     7.00     7.00     7.00
bgm_ganning                7.00     7.00     7.00     7.00     7.00     7.00     7.00
bgm_pangtong               7.00     7.00     7.00     7.00     7.00     7.00     7.00
zhanghe                    7.00     7.00     7.00     7.00     7.00     7.00     7.00
chenlin                    7.00     7.00     7.00     7.00     7.00     7.00     7.00
bgm_caoren                 7.00     7.00     7.00     7.00     7.00     7.00     7.00
dengshizai                 7.00     7.00     7.00     7.00     7.00     7.00     7.00
gaodayihao                 7.00     7.00     7.00     7.00     7.00     7.00     7.00
dianwei                    7.00     7.00     7.00     7.00     7.00     7.00     7.00
zhugeliang                 7.00     7.00     7.00     7.00     7.00     7.00     7.00
dingfeng                   7.00     7.00     7.00     7.00     7.00     7.00     7.00
lingtong                   7.00     7.00     7.00     7.00     7.00     7.00     7.00
luboyan                    7.00     7.00     7.00     7.00     7.00     7.00     7.00
luboyanf                   7.00     7.00     7.00     7.00     7.00     7.00     7.00
madai                      7.00     7.00     7.00     7.00     7.00     7.00     7.00
manchong                   7.00     7.00     7.00     7.00     7.00     7.00     7.00
neo_zhangfei               7.00     7.00     7.00     7.00     7.00     7.00     7.00
nos_handang                7.00     7.00     7.00     7.00     7.00     7.00     7.00
nos_lingtong               7.00     7.00     7.00     7.00     7.00     7.00     7.00
nos_madai                  7.00     7.00     7.00     7.00     7.00     7.00     7.00
panzhangmazhong            7.00     7.00     7.00     7.00     7.00     7.00     7.00
shencaocao                 7.00     7.00     7.00     7.00     7.00     7.00     7.00
shenlvbu                   7.00     7.00     7.00     7.00     7.00     7.00     7.00
sp_jiaxu                   7.00     7.00     7.00     7.00     7.00     7.00     7.00
wis_jiangwei               7.00     7.00     7.00     7.00     7.00     7.00     7.00
wis_sunce                  7.00     7.00     7.00     7.00     7.00     7.00     7.00
zhangjunyi                 7.00     7.00     7.00     7.00     7.00     7.00     7.00
yufan                      7.00     7.00     7.00     7.00     7.00     7.00     7.00
zhugeke                    7.00     7.00     7.00     7.00     7.00     7.00     7.00
as_lingju                  6.57     6.57     6.57     6.57     6.57     6.57     6.57
lingju                     6.57     6.57     6.57     6.57     6.57     6.57     6.57
zuoci                      6.55     6.55     6.55     6.55     6.55     6.55     6.55
bgm_daqiao                 6.50     6.50     6.50     6.50     6.50     6.50     6.50
bgm_zhaoyun                6.50     6.50     6.50     6.50     6.50     6.50     6.50
caochong                   6.50     6.50     6.50     6.50     6.50     6.50     6.50
caopi                      6.50     6.50     6.50     6.50     6.50     6.50     6.50
daqiao                     6.50     6.50     6.50     6.50     6.50     6.50     6.50
diy_wangyuanji             6.50     6.50     6.50     6.50     6.50     6.50     6.50
erqiao                     6.50     6.50     6.50     6.50     6.50     6.50     6.50
wz_daqiao                  6.50     6.50     6.50     6.50     6.50     6.50     6.50
shenzhugeliang             6.50     6.50     6.50     6.50     6.50     6.50     6.50
wis_jiangwan               6.50     6.50     6.50     6.50     6.50     6.50     6.50
wis_shuijing               6.50     6.50     6.50     6.50     6.50     6.50     6.50
zhanggongqi                6.50     6.50     6.50     6.50     6.50     6.50     6.50
zhangjiao                  6.50     6.50     6.50     6.50     6.50     6.50     6.50
wis_huaxiong               6.30     6.30     6.30     6.30     6.30     6.30     6.30
fuwan                      6.10     6.10     6.10     6.10     6.10     6.10     6.10
as_mushun                  6.10     6.10     6.10     6.10     6.10     6.10     6.10
heg_luxun                  6.00     6.00     6.00     6.00     6.00     6.00     6.00
fazheng                    6.00     6.00     6.00     6.00     6.00     6.00     6.00
wuguotai                   6.00     6.00     6.00     6.00     6.00     6.00     6.00
sunjian                    6.00     6.00     6.00     6.00     6.00     6.00     6.00
nos_fazheng                6.00     6.00     6.00     6.00     6.00     6.00     6.00
bgm_liubei                 6.00     6.00     6.00     6.00     6.00     6.00     6.00
bgm_xiahoudun              6.00     6.00     6.00     6.00     6.00     6.00     6.00
chengpu                    6.00     6.00     6.00     6.00     6.00     6.00     6.00
guanping                   6.00     6.00     6.00     6.00     6.00     6.00     6.00
guanyinping                6.00     6.00     6.00     6.00     6.00     6.00     6.00
guzhielai                  6.00     6.00     6.00     6.00     6.00     6.00     6.00
neo_xuchu                  6.00     6.00     6.00     6.00     6.00     6.00     6.00
wolong                     6.00     6.00     6.00     6.00     6.00     6.00     6.00
xiahouba                   6.00     6.00     6.00     6.00     6.00     6.00     6.00
xiahouyuan                 6.00     6.00     6.00     6.00     6.00     6.00     6.00
xuchu                      6.00     6.00     6.00     6.00     6.00     6.00     6.00
yuejin                     6.00     6.00     6.00     6.00     6.00     6.00     6.00
zhangfei                   6.00     6.00     6.00     6.00     6.00     6.00     6.00
zhongshiji                 6.00     6.00     6.00     6.00     6.00     6.00     6.00
sp_pangde                  5.60     5.60     5.60     5.60     5.60     5.60     5.60
as_fuwan                   5.55     5.55     5.55     5.55     5.55     5.55     5.55
bgm_lvmeng                 5.50     5.50     5.50     5.50     5.50     5.50     5.50
dengai                     5.50     5.50     5.50     5.50     5.50     5.50     5.50
dongzhuo                   5.50     5.50     5.50     5.50     5.50     5.50     5.50
liaohua                    5.50     5.50     5.50     5.50     5.50     5.50     5.50
nos_liubei                 5.50     5.50     5.50     5.50     5.50     5.50     5.50
nos_wangyi                 5.50     5.50     5.50     5.50     5.50     5.50     5.50
pangde                     5.50     5.50     5.50     5.50     5.50     5.50     5.50
as_jiben                   5.50     5.50     5.50     5.50     5.50     5.50     5.50
sp_sunshangxiang           5.50     5.50     5.50     5.50     5.50     5.50     5.50
sunshangxiang              5.50     5.50     5.50     5.50     5.50     5.50     5.50
wangyi                     5.50     5.50     5.50     5.50     5.50     5.50     5.50
wis_zhangzhao              5.50     5.50     5.50     5.50     5.50     5.50     5.50
neo_caoren                 5.50     5.50     5.50     5.50     5.50     5.50     5.50
xiahoujuan                 5.50     5.50     5.50     5.50     5.50     5.50     5.50
neo_gongsunzan             5.01     5.01     5.01     5.01     5.01     5.01     5.01
guojia                     5.00     5.00     5.00     5.00     5.00     5.00     5.00
handang                    5.00     5.00     5.00     5.00     5.00     5.00     5.00
jiangboyue                 5.00     5.00     5.00     5.00     5.00     5.00     5.00
liubei                     5.00     5.00     5.00     5.00     5.00     5.00     5.00
lukang                     5.00     5.00     5.00     5.00     5.00     5.00     5.00
neo_guanyu                 5.00     5.00     5.00     5.00     5.00     5.00     5.00
neo_zhaoyun                5.00     5.00     5.00     5.00     5.00     5.00     5.00
sunce                      5.00     5.00     5.00     5.00     5.00     5.00     5.00
erzhang                    5.00     5.00     5.00     5.00     5.00     5.00     5.00
wis_tianfeng               5.00     5.00     5.00     5.00     5.00     5.00     5.00
wis_xuyou                  5.00     5.00     5.00     5.00     5.00     5.00     5.00
xuhuang                    5.00     5.00     5.00     5.00     5.00     5.00     5.00
zhenji                     5.00     5.00     5.00     5.00     5.00     5.00     5.00
zhurong                    5.00     5.00     5.00     5.00     5.00     5.00     5.00
yuji                       4.50     4.50     4.50     4.50     4.50     4.50     4.50
huanggai                   4.50     4.50     4.50     4.50     4.50     4.50     4.50
mateng                     4.50     4.50     4.50     4.50     4.50     4.50     4.50
huatuo                     4.50     4.50     4.50     4.50     4.50     4.50     4.50
nos_huangyueying           4.50     4.50     4.50     4.50     4.50     4.50     4.50
nos_xushu                  4.50     4.50     4.50     4.50     4.50     4.50     4.50
nos_zhangchunhua           4.50     4.50     4.50     4.50     4.50     4.50     4.50
pangtong                   4.50     4.50     4.50     4.50     4.50     4.50     4.50
diy_gongsunzan             4.50     4.50     4.50     4.50     4.50     4.50     4.50
tianfeng                   4.50     4.50     4.50     4.50     4.50     4.50     4.50
sp_machao                  4.50     4.50     4.50     4.50     4.50     4.50     4.50
zhangchunhua               4.50     4.50     4.50     4.50     4.50     4.50     4.50
zhonghui                   4.50     4.50     4.50     4.50     4.50     4.50     4.50
zoushi                     4.50     4.50     4.50     4.50     4.50     4.50     4.50
caizhaoji                  4.00     4.00     4.00     4.00     4.00     4.00     4.00
caohong                    4.00     4.00     4.00     4.00     4.00     4.00     4.00
huangyueying               4.00     4.00     4.00     4.00     4.00     4.00     4.00
jiawenhe                   4.00     4.00     4.00     4.00     4.00     4.00     4.00
jinxuandi                  4.00     4.00     4.00     4.00     4.00     4.00     4.00
kongrong                   4.00     4.00     4.00     4.00     4.00     4.00     4.00
panfeng                    4.00     4.00     4.00     4.00     4.00     4.00     4.00
panglingming               4.00     4.00     4.00     4.00     4.00     4.00     4.00
simayi                     4.00     4.00     4.00     4.00     4.00     4.00     4.00
xushu                      4.00     4.00     4.00     4.00     4.00     4.00     4.00
yangxiu                    4.00     4.00     4.00     4.00     4.00     4.00     4.00
yitianjian                 4.00     4.00     4.00     4.00     4.00     4.00     4.00
yt_caochong                4.00     4.00     4.00     4.00     4.00     4.00     4.00
yt_shencaocao              4.00     4.00     4.00     4.00     4.00     4.00     4.00
lvbu                       4.00     4.00     4.00     4.00     4.00     4.00     4.00
caocao                     3.00     3.00     3.00     3.00     3.00     3.00     3.00
ganfuren                   3.00     3.00     3.00     3.00     3.00     3.00     3.00
ganning                    3.00     3.00     3.00     3.00     3.00     3.00     3.00
xiaoqiao                   3.00     3.00     3.00     3.00     3.00     3.00     3.00
guanyu                     3.00     3.00     3.00     3.00     3.00     3.00     3.00
guohuai                    3.00     3.00     3.00     3.00     3.00     3.00     3.00
huangzhong                 3.00     3.00     3.00     3.00     3.00     3.00     3.00
luxun                      3.00     3.00     3.00     3.00     3.00     3.00     3.00
machao                     3.00     3.00     3.00     3.00     3.00     3.00     3.00
masu                       3.00     3.00     3.00     3.00     3.00     3.00     3.00
neo_xiahoudun              3.00     3.00     3.00     3.00     3.00     3.00     3.00
shenguanyu                 3.00     3.00     3.00     3.00     3.00     3.00     3.00
sp_guanyu                  3.00     3.00     3.00     3.00     3.00     3.00     3.00
xiahoudun                  3.00     3.00     3.00     3.00     3.00     3.00     3.00
zhaoyun                    3.00     3.00     3.00     3.00     3.00     3.00     3.00
wz_xiaoqiao                3.00     3.00     3.00     3.00     3.00     3.00     3.00
zhuran                     3.00     3.00     3.00     3.00     3.00     3.00     3.00
st_huaxiong                2.01     2.01     2.01     2.01     2.01     2.01     2.01
huaxiong                   2.01     2.01     2.01     2.01     2.01     2.01     2.01
caiwenji                   2.00     2.00     2.00     2.00     2.00     2.00     2.00
liubiao                    1.11     1.11     1.11     1.11     1.11     1.11     1.11
sp_caiwenji                1.00     1.00     1.00     1.00     1.00     1.00     1.00
gongsunzan                 0.02     0.02     0.02     0.02     0.02     0.02     0.02
lvmeng                     0.01     0.01     0.01     0.01     0.01     0.01     0.01
menghuo                    0.01     0.01     0.01     0.01     0.01     0.01     0.01
st_yuanshu                 0.01     0.01     0.01     0.01     0.01     0.01     0.01
weiyan                     0.01     0.01     0.01     0.01     0.01     0.01     0.01
yujin                      0.01     0.01     0.01     0.01     0.01     0.01     0.01
caoren                     0.01     0.01     0.01     0.01     0.01     0.01     0.01
caozhang                   0.01     0.01     0.01     0.01     0.01     0.01     0.01
zhoutai                    0.01     0.01     0.01     0.01     0.01     0.01     0.01